[[[ 79 145 180]
  [ 79 145 180]
  [ 91 148 180]
  ...
  [114 140 165]
  [116 140 164]
  [121 145 168]]

 [[ 89 154 189]
  [ 87 153 188]
  [ 97 154 186]
  ...
  [114 140 165]
  [116 140 164]
  [121 145 168]]

 [[ 72 138 166]
  [ 77 142 170]
  [ 86 141 173]
  ...
  [112 144 166]
  [111 147 168]
  [112 148 169]]

 ...

 [[ 31  48  57]
  [ 31  48  57]
  [ 32  47  56]
  ...
  [ 97  88  87]
  [ 97  88  87]
  [ 97  88  87]]

 [[ 30  48  54]
  [ 30  48  54]
  [ 34  47  54]
  ...
  [ 97  88  87]
  [ 97  88  87]
  [ 97  88  87]]

 [[ 30  48  54]
  [ 30  48  54]
  [ 34  47  54]
  ...
  [ 97  88  87]
  [ 97  88  87]
  [ 97  88  87]]]